3.580285661904128460e+02 1.010585360626365115e-01
2.760109647427892696e+02 3.479866962406223951e-01
2.973764291801246600e+02 6.039214861883094310e-01
3.606866609331394784e+02 4.570848461835237964e-01
3.602953670468452287e+02 1.587771196061092960e-01
2.744335106537920979e+02 3.720749419285967474e-01
2.850315384324660499e+02 8.419063270763714746e-01
3.085845849068039115e+02 4.254250875335006676e-01
3.330768360263204499e+02 6.679996093190545547e-01
3.611177435097736179e+02 4.189079509503964016e-01
3.352106919726550132e+02 5.862559719504788214e-02
3.115076038966997203e+02 6.655270954993020016e-01
3.665124541071909334e+02 6.337249138935665549e-01
2.738396829148397273e+02 6.750782979410340223e-01
3.347699273697720059e+02 4.800653634341423004e-02
3.665168589087047621e+02 9.547560224961573194e-01
3.605955230973837615e+02 8.734060734491962963e-01
2.892042424107705187e+02 5.155633691046124234e-01
3.107987878873935870e+02 7.458736977018411984e-01
3.176354589313967267e+02 4.038386799681579764e-01
3.329115756536621689e+02 6.874095465933059979e-01
3.317133274216932932e+02 1.623873360345541861e-01
2.992278957445456058e+02 1.016471724393222670e-01
2.950187737771868228e+02 9.480522051946632667e-01
2.851836103399254512e+02 1.354418020838071557e-01
3.492833390794635307e+02 8.593683594621056576e-01
3.287197612885738636e+02 9.556207117787035576e-01
2.778222638844038670e+02 5.493961379101303111e-01
2.749035880361765294e+02 4.109897873058915296e-01
2.900902544746084573e+02 6.055039497216695155e-02
2.995475896650713139e+02 9.700606381753886787e-01
2.797549841394529722e+02 2.170094279331625242e-01
3.195787330463070361e+02 7.585712157617032769e-01
3.479314258068371828e+02 4.412280674563400784e-01
3.346328805635660046e+02 9.140933872985931297e-01
2.915800108003082300e+02 6.538091840275774835e-01
3.566626464059464183e+02 2.818352756370649526e-01
3.549558072420709891e+02 7.121578797915638637e-01
3.184018150576168296e+02 8.755506766098606342e-01
3.214557213329639467e+02 8.509407165782755245e-01
3.444069842453351384e+02 1.374821493581779019e-01
2.950040744031616669e+02 8.593672817132763653e-01
3.582027874186215399e+02 1.068382854273482729e-01
3.505247599948335164e+02 4.994137026119171985e-01
3.033897715382798310e+02 9.326674126099869788e-01
3.527589737590779464e+02 8.812032222026142669e-01
3.024945072888795607e+02 8.600597948276264004e-01
3.181347042106904155e+02 5.914738619830284261e-01
3.155014499856295629e+02 8.162576982706053474e-01
3.161678470940726697e+02 2.557938934915139351e-01
2.957628529169235776e+02 8.711887459541149958e-01
3.188123020390695501e+02 3.907748503357095227e-01
2.809896343510955035e+02 3.849072975138946306e-01
3.288822082596007590e+02 5.245831159213011352e-01
2.853577005267525806e+02 8.249050814421589051e-01
2.795202759246215578e+02 3.244951446487574498e-01
3.226089819463534809e+02 4.544416705637843723e-01
3.683467145634373878e+02 5.302645041164726347e-01
3.502824342892042182e+02 6.117635835157874125e-01
3.684395533310237170e+02 3.879384448216793846e-01
3.058827559362600823e+02 5.944246365267507048e-01
3.249854823914968165e+02 8.340962765213070229e-01
3.121481357791748223e+02 4.116153732333875381e-01
3.127192137564047130e+02 4.311144745043637427e-01
3.344838660219342046e+02 4.636322447356954202e-01
3.403686375280829566e+02 3.055637208334658350e-01
2.752997712503898811e+02 5.762401778520749307e-01
3.453089386017261972e+02 4.430140496038118547e-01
3.269349956274344322e+02 3.304167714388983046e-01
3.568886735321627270e+02 6.442369553409955651e-01
2.800679625272024964e+02 7.923695683183846761e-01
3.068252523969719618e+02 9.783075487892320954e-01
3.268025181776548607e+02 6.130404133837771274e-01
3.236349313322830881e+02 3.753808321233494949e-01
3.255799652729548370e+02 3.673322433054589387e-01
3.017760836938107900e+02 4.351050283066475455e-01
3.404559697280351998e+02 6.681851979367785521e-01
3.285395440990709517e+02 2.229335748383652061e-01
3.657555749879812765e+02 8.643388432819076872e-01
2.970874381161885935e+02 6.208890770330708353e-01
3.252610341765436033e+02 2.895454308629760165e-01
2.839468999904773909e+02 1.377950044224538206e-01
3.524671037370616773e+02 9.981796375856849535e-02
3.440057690554407372e+02 9.293578854038877513e-01
3.249000398946078008e+02 4.511957673603375074e-01
2.801756927273236784e+02 5.588781219420984048e-01
3.390073631268963936e+02 4.773342754484048434e-01
3.329508668228123724e+02 8.237321327719698827e-01
3.648251925533795657e+02 7.795036918795915648e-01
2.917761002102415659e+02 2.853237356664982127e-01
3.355649372620075610e+02 6.778484828239409454e-01
3.327298638270754623e+02 6.292242159995541373e-01
3.693024229623050587e+02 3.391254771618026354e-01
3.343860559756330417e+02 6.863539217448680896e-01
2.977416965142226672e+02 9.908065392179807862e-01
3.479723864951575365e+02 3.050382309222619548e-01
2.751951460163056140e+02 5.833844563753483037e-01
3.320301843951078240e+02 1.988294049006510411e-01
3.256057528634618734e+02 6.462913534205483312e-01
3.326423242168536376e+02 5.628301333256661154e-01
3.405063099015118269e+02 5.388246832776733691e-02
3.538952386803321133e+02 2.343232939678352722e-01
3.303125554036734002e+02 6.989393773982282010e-01
3.486939627549269289e+02 1.376677977705272060e-01
3.712564951000069868e+02 1.314497938162393076e-01
3.229546341963182385e+02 7.224159305512352081e-01
2.867533355109852096e+02 6.580720106385179458e-01
2.787452790809228418e+02 4.061119029419625881e-01
3.633031194880363159e+02 6.154600798969309672e-01
3.331957615780775654e+02 1.223478937914698611e-01
2.814147870241884561e+02 7.115823420592615189e-01
3.303550814683190424e+02 7.462620631095949753e-01
3.528925406511748406e+02 4.244922001284610197e-02
3.303221181690753383e+02 1.150442250331809163e-01
3.645374381437381430e+02 7.295023476465433143e-01
2.972959008566050443e+02 2.326573489713177623e-01
2.990014954382441488e+02 1.087189546968011233e-01
3.568721170212003244e+02 6.409060631603173963e-01
2.868524840992080271e+02 2.559620056143953604e-01
3.309127332091313178e+02 1.317663554092768918e-01
3.521968984917589864e+02 3.278340784807934893e-01
3.498888130288459024e+02 7.896650963875561091e-01
3.416227774265896073e+02 7.653638592717560973e-01
3.573235286963139856e+02 6.602504408899105837e-01
3.251832069406754044e+02 5.148929634774821462e-01
3.551670781917293880e+02 8.640263219152550800e-01
3.448128375297480375e+02 9.543028523327299339e-01
2.735417283364237164e+02 3.073767320157527183e-01
3.315179739026323773e+02 9.080340880063738629e-01
3.330065515807572183e+02 4.041296061402974704e-01
3.444141952564975782e+02 8.327088711843151358e-01
3.623755836910056587e+02 5.954149245313283823e-01
2.942858071985208426e+02 6.242071579130129555e-01
3.256254733718697594e+02 5.018344962722678382e-01
3.330612613710527512e+02 2.415211781366257970e-01
3.695842525886114913e+02 7.113200598450907242e-01
3.725551604554397613e+02 7.161841420848682471e-01
3.597427224900681040e+02 8.228106531585875905e-01
2.762931616665007368e+02 4.604094657967318094e-01
3.287369476316814598e+02 3.547623034467617398e-01
2.822317244634345457e+02 9.005850604475647003e-01
2.805485844204046089e+02 9.485900597922152233e-01
2.829959615613782944e+02 6.098426141953341428e-01
3.497761925672364782e+02 2.133613369109368385e-01
2.835754686437422265e+02 7.987663535499259782e-01
3.238487333510454391e+02 4.905092939335691238e-01
3.614656529321528069e+02 1.446133485002804309e-01
3.565166761578617525e+02 1.098888396591703176e-02
3.605902337546144736e+02 4.686515926080670469e-01
2.968751471636946349e+02 1.977129797636231756e-01
2.931420800816815699e+02 9.507274207886573514e-01
3.599452552432007906e+02 3.307451259608349403e-01
3.041250026492687084e+02 4.466387989866179020e-01
2.869237907091400075e+02 1.693468749826221864e-01
3.202034580502183303e+02 1.010530270881160320e-01
3.104015166437355333e+02 5.935747735288966487e-01
3.640687177369138112e+02 6.959066203237805892e-01
3.618525695390504211e+02 4.751689721039760728e-01
2.850768679999113147e+02 3.835287861916223395e-01
2.801352029067591616e+02 9.791885468542403936e-01
2.848575924251749143e+02 8.998891010130178891e-01
2.755307058385147343e+02 6.061017862913775645e-01
3.286912343751415619e+02 3.789451899852647188e-02
2.994616361155220261e+02 3.818628053190523119e-01
3.025934873027075014e+02 3.810477909652548734e-01
3.693737973447287573e+02 1.905061806344139630e-01
2.922356903056470401e+02 2.397740388158789426e-01
3.642504500781645902e+02 6.934772501812738188e-01
3.481470214702971475e+02 2.586810165863226429e-01
3.010436615547035899e+02 3.441205200191459479e-01
3.421905990763073646e+02 7.997226831355220833e-01
3.152550712593499611e+02 9.307782002625616391e-01
3.363463957546172196e+02 5.701985266992666279e-01
3.209275782951731344e+02 6.452119549862195269e-01
3.564308116310170931e+02 5.177426940418530243e-01
3.373165074865377164e+02 9.850209361593266211e-01
3.581599824924311974e+02 7.808302679881047315e-01
3.071987271475151147e+02 4.522818923923473955e-01
3.000036277579602597e+02 6.097631411729282913e-01
2.833522518328802562e+02 5.859256725658541498e-01
3.122167843885159755e+02 2.919753701426555659e-01
3.668212965295454069e+02 2.251670933026882759e-01
3.564160616120027498e+02 1.218333097910284657e-01
2.906802519093808428e+02 8.308247756211186719e-01
3.245885878084375236e+02 9.108761263403194475e-01
2.813008127231539106e+02 7.856085285476369640e-01
3.198093971547148158e+02 7.907565759066521593e-01
2.842771872587687767e+02 5.835048385743530908e-01
3.500316899098968406e+02 5.226654368358005787e-01
2.868806116351003652e+02 2.707185142163573421e-01
3.469143201084053203e+02 2.083081685945981920e-01
3.309960059316701404e+02 2.813192988704026898e-01
2.911601529997507782e+02 8.669559730788618523e-01
3.141752073591154613e+02 2.209560367347617460e-01
3.251217277525180407e+02 5.009844890861264721e-02
3.386710694451700761e+02 4.155673747164392862e-01
2.953636839779043726e+02 8.561829571275174633e-01
3.153333978423990516e+02 6.598373230559353431e-01
3.686542555265131114e+02 2.352920092585830403e-01
3.575898474876267414e+02 6.054809598149788474e-01
2.988422654064120820e+02 2.430327611226786311e-01
3.473124332606475377e+02 5.700296789106863021e-02
3.501743412528261388e+02 8.444289449615837162e-01
2.923520259738213554e+02 2.170173761934275636e-01
3.687625654758196561e+02 1.708002080579045234e-01
3.591004127879361931e+02 4.490396014992207863e-01
2.960220141855557472e+02 4.975164046364507348e-02
3.051957750351272125e+02 7.822530407794946461e-01
2.778629022246910836e+02 4.755703747027430484e-01
2.996441690553379544e+02 7.681200573628040873e-01
2.804496135873077947e+02 3.887348268599977730e-01
3.057612474761368730e+02 1.648539654182782366e-01
3.102254347703050144e+02 1.842555281743652601e-02
3.102010373252120417e+02 2.456185345769517914e-01
3.035471313100202906e+02 3.584172930965023318e-01
3.255850284533026979e+02 5.461607068269016402e-02
2.867678440181590531e+02 3.939037529264895476e-01
2.756277408847736865e+02 4.994340459027655221e-01
2.845586457424979585e+02 6.916345358448684477e-01
2.901784297388626896e+02 1.338161704858532586e-01
3.574785479763875173e+02 8.827379097314020928e-01
3.017978398919334495e+02 3.581035867132827399e-01
3.490149583602825487e+02 9.450156038935372260e-01
3.574759485981642229e+02 1.755302736844229217e-01
3.559195115192613343e+02 7.020200249860341080e-01
3.242989708077426485e+02 4.620887862191224160e-01
3.098435539236999716e+02 8.034675729347703355e-01
3.459202757668745107e+02 8.130466125495031671e-01
3.507716914184663324e+02 6.611934747931770273e-01
3.535314832294446887e+02 3.350073028684334431e-01
3.548921547054777079e+02 5.846862616141908220e-02
3.543508574366738344e+02 8.610458154811295728e-01
3.367791342009033428e+02 2.950478051864400819e-01
3.593851572107006405e+02 6.493724278455832444e-01
2.853634408649328407e+02 2.111040353900040523e-01
3.126527998523557699e+02 7.410398054554238056e-01
3.195021799445141824e+02 8.678460799000536907e-02
3.324435240774840850e+02 8.026203003562000227e-01
2.784417423403347698e+02 9.763795930239299592e-01
3.247661059283659029e+02 8.125327849961820892e-01
3.641248670158566370e+02 9.105164493085405875e-01
3.018074178591973578e+02 4.749254746318193332e-02
3.600017035322240986e+02 4.535265936099813211e-01
2.925168951305843166e+02 9.520245402649584188e-01
3.315159511034177626e+02 4.519826622588760112e-01
3.454163137384075526e+02 4.998904669180228022e-01
2.941368590505326779e+02 3.182194613516794446e-01
3.222564139263405423e+02 5.267442402285927860e-01
3.416881511973562056e+02 1.754501299683735027e-01
2.962934418651947226e+02 5.053839017369605724e-01
3.268342122479709246e+02 2.352710106108384103e-01
3.385867351174231885e+02 3.040681878927383730e-01
3.658819186731833497e+02 7.876049815553410882e-01
2.807505227431066714e+02 2.260975508548358492e-01
2.971251533112017000e+02 5.576106542060395022e-01
3.626240239269739050e+02 9.195762874868865788e-01
2.895671612417056622e+02 5.844956023330190042e-01
3.079949833524764244e+02 2.786067706052140491e-01
2.920188621951737105e+02 1.979219528872230571e-01
3.458444368597823768e+02 3.534228954687085311e-01
2.890507478154754040e+02 4.890657127044129582e-01
3.604781338926616172e+02 3.267990424784105730e-01
3.611363210586533228e+02 3.179179018087702202e-01
3.143408145393980817e+02 6.714018721645423349e-02
3.213334642010070183e+02 3.728707246034821954e-01
3.428651115047641156e+02 8.179880890153772288e-01
3.642906238601516407e+02 6.524956675713364795e-01
3.443412341010666182e+02 3.498093315965271066e-01
3.489382484767548931e+02 3.128328438827923663e-01
3.633054328107521087e+02 6.079016398941300414e-01
3.536197475906807313e+02 8.771210893780859719e-01
3.427542980480467918e+02 4.133476544314085288e-01
3.029721387091981910e+02 6.038154287779038398e-01
2.982519453013710518e+02 6.747064864265970296e-01
3.294477250902771175e+02 8.813842605305014510e-01
3.620619655898620977e+02 7.224679280329919795e-01
3.460235519485366922e+02 2.341127529389964435e-01
3.250428604929167591e+02 3.207457901378428788e-01
3.609619172410480132e+02 7.915369313786815297e-01
3.460976750817382595e+02 8.462610589841784714e-02
3.207105720974492442e+02 5.804340821701187147e-01
2.748706158880120256e+02 7.096631101904520011e-02
2.761542141458754145e+02 5.383790297999940105e-02
3.527296933917693877e+02 3.542944487290552447e-01
3.061178801101330009e+02 7.311059630210129390e-01
3.581083271159540118e+02 8.173056291147501318e-01
2.956485929254779421e+02 5.845844917717023526e-01
3.302975618298805784e+02 4.022873378204593342e-01
2.760544319228678205e+02 6.782034850621736499e-01
2.773843255905987917e+02 2.068052020735627605e-01
3.624763514045083070e+02 1.526520846814174437e-01
2.798487632456987058e+02 6.848447445921496124e-01
3.160757926808961997e+02 1.439319929502051038e-02
3.339430739955125773e+02 5.406146145473974540e-01
2.861193384478954727e+02 4.147127591113188017e-02
3.506910656580135424e+02 9.399731710966535703e-02
3.532941438705681776e+02 6.091612415924255730e-01
2.846117916503929450e+02 7.286761688344143284e-01
3.134325248793685432e+02 3.523913716023970299e-01
2.872270936749476391e+02 7.101680296717018948e-01
2.916458544020165959e+02 2.252096433360781247e-02
3.116914347428194674e+02 9.905342810631542205e-01
3.689080614244941216e+02 9.991657197112774336e-02
3.314193335619442564e+02 9.133298247689761729e-01
3.082166002456718843e+02 3.447321992751058856e-02
3.519966171677530156e+02 8.336123775513150369e-02
3.081897795431228246e+02 1.770535539910522427e-01
2.778865391712181463e+02 6.628633631944040872e-01
3.428854660972658621e+02 1.091034545682418588e-01
3.307042547072226171e+02 2.804213105737665690e-01
3.564825958141638012e+02 2.103237277311517106e-01
2.778592111746035584e+02 4.692139522016170461e-01
2.767681704579036364e+02 9.072510783978069426e-01
2.799240401962587157e+02 1.706690857508512682e-01
3.092732736509457254e+02 7.587473893618668086e-01
3.085192108267180515e+02 2.330720925270036437e-01
3.170829105463120072e+02 2.837349728431405871e-01
3.449536789643183283e+02 6.499897228937513705e-02
3.290229105580790474e+02 6.771068550479409920e-01
3.312092747723307298e+02 6.167179098548020155e-01
3.168902395020955964e+02 5.564602391245243584e-01
3.174172143617984148e+02 2.039597278286325588e-01
3.601426394142354752e+02 7.236684069138873410e-01
3.323178386604201364e+02 4.693426159843422929e-01
3.481031925657225088e+02 1.034042792465407756e-01
3.374780366170671186e+02 8.281310064111200298e-01
2.790374435473705148e+02 6.501143344805975222e-01
3.329780518091683916e+02 2.088167575667480014e-01
3.228632238626644835e+02 8.836689500087062665e-01
3.584990320559738848e+02 8.891721289246877769e-01
3.673630117179026229e+02 2.717206002356750139e-01
3.372845059177481630e+02 4.504192522527267761e-01
3.451091655325209899e+02 2.423613151279372657e-01
2.772937294642975417e+02 8.343143154893406521e-01
3.048696091313431111e+02 2.675115365071441542e-01
3.271623733641107492e+02 1.766313095643226305e-01
2.742115005363384057e+02 1.901643888539720773e-01
2.941919908852304957e+02 9.811101095100868141e-01
2.822832736915621581e+02 9.268978840958389531e-01
3.281319025802782789e+02 4.336121934030570113e-01
3.145944503591413195e+02 5.279135475460543514e-01
3.246508279642396815e+02 8.972550801822232192e-02
2.982658878899740671e+02 7.761407732152044714e-01
3.510511305911600175e+02 8.333580297368701206e-01
3.285294987091266989e+02 7.842213340869688132e-01
2.869831127969451927e+02 5.957038490302365430e-01
3.205759550109733027e+02 5.435596981177269749e-01
2.971212344937031276e+02 5.320015391862770171e-01
3.543827611593608253e+02 3.345925614895844946e-01
2.788675102268665000e+02 5.323265108785730781e-01
3.107593247171400890e+02 2.795816943678028355e-01
3.320129580175025126e+02 7.013231577482500478e-01
3.395288505174356146e+02 3.772384159258913572e-01
3.683568189467112006e+02 7.618190875720198818e-01
3.240379050053138599e+02 7.698401039679154678e-01
2.825525568162791501e+02 6.681329152922634851e-01
3.018429512293833454e+02 5.187475184333528722e-02
3.014494533394834548e+02 4.854159490032413093e-01
3.266901368938990800e+02 6.761164271395710135e-02
3.053674721748870979e+02 8.764135726904671575e-01
3.052489517008196458e+02 4.686998411315782542e-01
2.989010425201223029e+02 8.134148171847805919e-01
2.886192284060525708e+02 9.216945784894062799e-01
3.697153177148495615e+02 9.210134304300805486e-01
3.042211096576872933e+02 6.681840181749894025e-01
3.548289706307015194e+02 6.163141608208240196e-01
3.254225492848878503e+02 8.247165097880767570e-01
3.216235359678513532e+02 1.827282319174085845e-01
3.726621372847307612e+02 4.228522384096778386e-01
2.804113065007872478e+02 6.045742684204754580e-01
3.361491760262590560e+02 1.451257197151146483e-01
3.042219584992882915e+02 2.813337490961114740e-01
3.457585164288301485e+02 1.769423526960947068e-01
3.415728246536828578e+02 1.281715827384170836e-01
2.985326380938090551e+02 6.211959966075364381e-01
3.600232558702108463e+02 6.842851183254130554e-01
2.812104657832817907e+02 7.249703941309731947e-01
2.874327117745904161e+02 1.493276313957179746e-01
3.327644655539712630e+02 1.192392285534233654e-01
2.879717277219222638e+02 8.504663052958275626e-01
3.478735475574727616e+02 3.784176688537590483e-01
2.794103062805677382e+02 4.664635595940848090e-01
3.284570827295502795e+02 1.952000030653822660e-01
3.604206703447840709e+02 7.575679091968094969e-01
2.971283248936036898e+02 2.033739860113954190e-01
3.558290858778498205e+02 7.419987871652184985e-01
3.241018938997940495e+02 9.551765772153085754e-01
3.305181792513472487e+02 8.337734429336961517e-01
3.154719861488374022e+02 9.504149510260685441e-01
3.674384757328717797e+02 6.985493457762906866e-01
2.807477551785686956e+02 1.666209677086645871e-02
3.261720779948460631e+02 8.075391316929788621e-01
3.364403034926998544e+02 3.768947251733139603e-01
3.125634973324926023e+02 2.503847738458198080e-01
2.946024449825683860e+02 9.942120394178031173e-01
2.923224435441694595e+02 2.635317364550777697e-01
3.293423736662391548e+02 7.797784581376240309e-01
2.965556739848802863e+02 8.371626757011401132e-01
2.945992052634922516e+02 9.116510405619864255e-01
2.790087386109616432e+02 9.417555243249355890e-01
2.846055499996716662e+02 7.602872662373991730e-01
2.903644393269921693e+02 7.005348517253713325e-01
3.513022873250969837e+02 8.005641316903641114e-01
3.081006172895781106e+02 2.140461077221156305e-01
3.061208684465562442e+02 3.996301766093573460e-01
3.211707057334540991e+02 6.091238550069485447e-01
2.852036129147501811e+02 1.588629515764206773e-02
3.530783515314089982e+02 1.484850319461759882e-01
3.181510819003459574e+02 5.082343786885632486e-01
3.153803241882163775e+02 5.356350574963784084e-01
3.252764760601222065e+02 1.610362416996596324e-01
2.927842931766576839e+02 7.013742827788471690e-01
2.945860728269396986e+02 3.185054069165019763e-01
2.918565748603005545e+02 7.609215440954751608e-02
3.635750010452728134e+02 2.101458065149550969e-01
3.356206516403140085e+02 2.016703195578516961e-01
2.736658379623321480e+02 3.254027355429226498e-01
2.953969607926499634e+02 5.656896556290966771e-01
2.765887485594367945e+02 8.628850635221471110e-01
3.319496074948159503e+02 1.637910773206332354e-02
2.829537581057580837e+02 1.057883110277629130e-01
2.732517282275946968e+02 4.224114039620086025e-01
2.854190163995231160e+02 5.284327770365130350e-01
3.130551006382850687e+02 3.382829551250175482e-01
3.459898066739332876e+02 9.053036372922728114e-01
2.820503371777784309e+02 7.769975314838771796e-01
2.791476580480948542e+02 9.085377970203560860e-01
3.610779241311087731e+02 4.721398413265540661e-01
3.604145799815566988e+02 1.085186929880431889e-01
3.474190091374055100e+02 9.714216698003612371e-02
2.754232641815439138e+02 2.783207479294947384e-01
3.534206414380498131e+02 9.276194602843677028e-01
2.914625356254897497e+02 8.865098597682541381e-01
2.733244299794097287e+02 8.808836235466842579e-01
3.354348527849506354e+02 8.790582762613703416e-01
3.047527681082488584e+02 3.870067784817000089e-01
3.296992650006304757e+02 7.203974680619502635e-01
3.502771184168192349e+02 4.235594492678189105e-01
3.191869195879607446e+02 7.922576817405120320e-01
2.849064518701131874e+02 7.810196689491558653e-01
2.954112382486646311e+02 5.108317981192381785e-01
3.578757286248121545e+02 7.187014655104869698e-01
2.846232859048053001e+02 2.722522914156917384e-01
3.383277787940071448e+02 6.999727877437803558e-01
3.558432889686322937e+02 6.492819731872150335e-01
3.199989387588211684e+02 9.976951325605551979e-01
3.187284617267824842e+02 1.660219864673630197e-01
2.948630685391533461e+02 3.126238294186722833e-01
2.744537758728550330e+02 5.811147460085856059e-02
3.675705917221910681e+02 6.843532221863247722e-01
3.591320353117905597e+02 6.026136870381054722e-02
3.558964743673001294e+02 1.849524192081708207e-01
2.803634718158999135e+02 1.876203370327587938e-01
3.378638084151006069e+02 8.558111960762586345e-02
2.977301186279380545e+02 1.641948126958873710e-01
2.789660082821890796e+02 8.696451138211439558e-01
3.622682689373487506e+02 8.427895586136778527e-02
3.046101492847320742e+02 6.059969069527231245e-01
2.769496071219281248e+02 1.369639775392075820e-01
2.745448496341528539e+02 7.500250856404238053e-01
3.517825762992501382e+02 4.507992648573339034e-02
3.357624003817418270e+02 5.694964449933718198e-01
3.238374464585268697e+02 6.943246241793591400e-01
2.862493140123876287e+02 9.357228057237779728e-01
3.494507653564244265e+02 7.865821266507513343e-01
3.577735444191350211e+02 1.092031660009965405e-01
2.897400378944568615e+02 5.002073080587364773e-01
3.622734319724009424e+02 8.766015381023640751e-01
3.300655630061842771e+02 8.484815691653752046e-01
3.355406464243611708e+02 7.972724584351562060e-02
2.831475070909596070e+02 4.294485426302778741e-01
3.099703711001087640e+02 4.523808555072938997e-01
2.776214553792194124e+02 7.790341976585515860e-02
3.416734208099256875e+02 7.072513697100289987e-01
2.949455554523207752e+02 6.751120086680846566e-02
2.953506074367153929e+02 6.870846626370944454e-01
2.776305777190625577e+02 9.016649376590946119e-01
2.979521841356224172e+02 1.771307834225841760e-01
3.507832903304056344e+02 7.594143612488392092e-01
3.689031711504634359e+02 2.718101078881930699e-02
3.636591836384296244e+02 6.112946438371847924e-01
3.275359492881038364e+02 8.470516446904374774e-01
2.859100604002405248e+02 4.289167833706138966e-01
3.179889600856277525e+02 4.541503467254446869e-01
3.097092507603204581e+02 7.771003023216597194e-01
3.578977031149661343e+02 8.039770773069442322e-01
2.801601650663272949e+02 2.314118743282905233e-01
3.434697247761170615e+02 8.157044564618824989e-01
2.802022522103243318e+02 7.621370576054022905e-01
3.401430552004771357e+02 7.922999621748703092e-01
3.168552013799875340e+02 9.393118281568521022e-01
3.207930315533186558e+02 4.455030170824874625e-01
3.297834341822012334e+02 9.714961748841417499e-01
2.957884122972670298e+02 4.029924271960421689e-01
3.254745546991690617e+02 9.822470502885831678e-01
3.355154659230915968e+02 6.366653549014347768e-02
3.524614895153675320e+02 3.682654370341255645e-01
3.332659765463761801e+02 1.036400661393139244e-01
3.456100235068922757e+02 4.748846923789605823e-01
2.752111850225613807e+02 3.672676192042189508e-02
3.193104923410029983e+02 8.030827069438415400e-01
3.521250267407024239e+02 9.406850819788529217e-01
3.663843450304979115e+02 5.693416161167789147e-01
3.015675861926023344e+02 5.319508069799627759e-01
3.556373362707325327e+02 1.729876654219408560e-01
3.447703749705094083e+02 5.922969743667243214e-02
3.503088870956049163e+02 3.522179440219526114e-01
3.639634862091222089e+02 4.053372777379671832e-01
2.782785314356499384e+02 1.077116752472441069e-01
2.935383283883095373e+02 7.706671948899980196e-01
3.624724567599144507e+02 2.968376568141463112e-01
3.170936554022778751e+02 8.186095300071071224e-01
3.236794551554787063e+02 8.443047020612016729e-01
3.355759310526062791e+02 7.775738090603476760e-01
3.027677209173714346e+02 6.446110904235964334e-01
3.368959833822274845e+02 9.669211782875147820e-01
3.512456683925113907e+02 1.062710721330228369e-01
3.723749225106419090e+02 2.576458659581206678e-01
3.528530025068473037e+02 1.375236929196936853e-01
3.328379536005506338e+02 8.150689858412245581e-01
3.435958001510256850e+02 1.679333755823098351e-01
3.593239264598392424e+02 8.024539717633950575e-01
2.759045374768076613e+02 1.268104576287524821e-01
3.610764079780866496e+02 3.094645795494079810e-01
3.068481777044238470e+02 1.538185472980642225e-02
3.526462567461606454e+02 8.859359875864326606e-01
2.994844159546889841e+02 9.919784434092662750e-02
3.626915731956195259e+02 1.340556378053043562e-01
3.597592868620524769e+02 8.876736963770587296e-02
3.547026150748662303e+02 2.388018197906869033e-01
3.685170299304779746e+02 8.279775767998293068e-01
3.134037264484869638e+02 3.234984425215135517e-01
3.138952440724432336e+02 7.276446431706999896e-01
3.599474832970724947e+02 2.856513565118718456e-01
3.133770199399138505e+02 2.191976391360928866e-01
3.290386078447331784e+02 5.598594509372190053e-01
3.673619234430820484e+02 3.055629171070926575e-01
2.773882565092598611e+02 7.772771989795717040e-01
3.528179696060811921e+02 6.629811343656522027e-01
3.165922262063997437e+02 2.510271979589178554e-02
3.419335313257423650e+02 2.546629063710723617e-01
3.000333414869889452e+02 2.559480816099372613e-01
3.499609163511894963e+02 8.118286452132312814e-01
3.146091995363076421e+02 9.229884002508333962e-01
3.150675409213823173e+02 4.768066435876843756e-01
3.500974049345981598e+02 8.406334234544269313e-01
2.891503631311438198e+02 4.315011523840147634e-01
2.803360222831715873e+02 9.492078635677362319e-01
3.615615532518517057e+02 4.981996612863641150e-01
3.486329244495367448e+02 6.795188077209455280e-01
2.869312982640907421e+02 4.742880700880852674e-01
3.708231851931491292e+02 7.009283337782834522e-01
3.410519766661341805e+02 7.548578130227147076e-01
3.246532079421272101e+02 9.638834295654050699e-01
3.646051787801594060e+02 2.048377468510956256e-01
3.322554658331273458e+02 4.318348106222773958e-02
3.330050162736423545e+02 5.742597279769422469e-01
3.582995323066307378e+02 6.088041023489242365e-01
3.283476165915697607e+02 2.539726332151586163e-01
3.267493646721858340e+02 8.265839563034830251e-01
2.756128713951993632e+02 1.049392407816583245e-01
2.827995431279707645e+02 2.617926912194227240e-01
3.338174243863326183e+02 7.999142926782557561e-01
3.332695894226066571e+02 5.488155745589045065e-01
3.660873408350117870e+02 7.738797149505911577e-01
2.981203124595544409e+02 2.036033671894320329e-02
3.426613402255234746e+02 8.334285598581253618e-01
2.761951002682691865e+02 5.096035172007761238e-01
3.480914219855418423e+02 8.986255642965044199e-01
3.553001819856181100e+02 7.014015474682544493e-02
3.211056430075829553e+02 8.696348715821655695e-01
3.658503317038666864e+02 3.153432027842549279e-01
3.261485865609930102e+02 3.124840345364527372e-01
3.369719663288320817e+02 7.332535052017387089e-01
2.809231502182624354e+02 2.340774579945481271e-01
3.544140603894128390e+02 3.640170951406446753e-01
3.558272237581191462e+02 2.430288350865748848e-01
3.466295649123599105e+02 8.935586808499221823e-01
3.527290297698294808e+02 3.248077866946355030e-01
3.133357929864286007e+02 7.421437060260310803e-01
3.308773163038287635e+02 9.473350106189696307e-01
3.208468542278385485e+02 1.702954491442746077e-01
3.336275800281126749e+02 8.987407216160065992e-01
2.773835224035645979e+02 5.028850989178198505e-01
3.095626600048440196e+02 2.544661324741292474e-01
3.369524468026958175e+02 1.491074966989383299e-01
3.637742454881642971e+02 1.087414716945790810e-01
3.007246442653770373e+02 7.778887254459969369e-02
3.213240230019231944e+02 3.594718785996385280e-01
3.028334564683998451e+02 6.449990162340429878e-01
3.260031763846367880e+02 5.909107881769419535e-02
3.550294079451576863e+02 2.688484639829646916e-01
3.295641717281013143e+02 3.137663428568358559e-01
3.070776799211491266e+02 4.888861539210578311e-01
3.301356729665578769e+02 7.208132043348852713e-01
2.937912702034159906e+02 7.762687100395936346e-01
3.518636950432863273e+02 3.728768923099250454e-01
3.451560297793158725e+02 4.014415174228154748e-01
2.805952204071809888e+02 9.401979338128450825e-02
3.096021207405583482e+02 4.456070661160245749e-01
3.212922533927994095e+02 6.544363222522990853e-01
3.583483835476873764e+02 2.627778987628612839e-01
3.460120132916822513e+02 4.962578537582869598e-01
3.155201620234394113e+02 8.583679242093684714e-01
3.371333700814135454e+02 1.402017787602022059e-01
2.970926648666045367e+02 3.031534137950410712e-01
3.325799519130539466e+02 3.311695136249842575e-02
3.250060559080432085e+02 3.250041316877141928e-01
2.877456562113250129e+02 7.810182840813053584e-01
3.172079772148591132e+02 4.297815501522644355e-01
3.286078502431680590e+02 9.933057225814302393e-01
3.210545912213308384e+02 7.854281046361433205e-01
2.753668382278570448e+02 5.645083526105112437e-01
2.943997341993498935e+02 1.318916142470745456e-01
3.268492847709628677e+02 9.257811939640753218e-01
2.811684718813162931e+02 8.832645608495884870e-01
3.395960243298374053e+02 5.495188668857855507e-01
3.509197601043701980e+02 3.685493729209651098e-02
3.310867653998819264e+02 3.196857318387998359e-01
3.140668796022002311e+02 3.543252439710504326e-02
3.291083268877700903e+02 4.215720528743691631e-01
3.227145887766990882e+02 6.600823421958640358e-01
3.048356839077190443e+02 4.701106603150818075e-01
3.168790360993294826e+02 4.991813047477966503e-01
3.008112497269730170e+02 6.272944123057279109e-01
3.106919425717597960e+02 4.832934963479353085e-02
3.246460665340064224e+02 3.419927173614902005e-02
3.253516045558063183e+02 6.120604518177019671e-01
2.970657883346321455e+02 8.593971786906117183e-01
2.959972611015618895e+02 8.584746507190178511e-01
3.593737545924793721e+02 1.495008688636042526e-01
3.577452964508506739e+02 9.429224553190367342e-01
3.441980025942795578e+02 4.553543223057676115e-01
3.342648840562781629e+02 1.448770161749352303e-01
3.088147213899771373e+02 9.554355344951942497e-01
3.470072584094232298e+02 2.982538459481704624e-02
2.830070865147923769e+02 4.776269043577922035e-01
3.335077566732339278e+02 1.210828938778599345e-01
2.885104564874711741e+02 4.444256562130255994e-01
2.972677646867613248e+02 5.506233136481952783e-01
2.922048596966466221e+02 5.687197016064066135e-01
3.618849365603226715e+02 4.513035194280889950e-01
3.070371717770583473e+02 5.794929957552904520e-01
3.043718636429860567e+02 8.340500325085306033e-01
3.531120210769296932e+02 7.510716476285270726e-01
2.839158988320138519e+02 4.008890612209399795e-01
3.634618219014296869e+02 9.242344388155820933e-01
3.030109951342177510e+02 7.993017510715882956e-01
3.367798433782114103e+02 6.358036058238198951e-01
2.979079429022424392e+02 9.779587578074281362e-01
3.164902458023191798e+02 3.408236269534803964e-01
3.311182673995595565e+02 5.543554378087315326e-01
3.357266023747383201e+02 8.199634814286245188e-01
2.971067915201407459e+02 4.448297608160357020e-01
2.893222898162727574e+02 6.060377899692744874e-01
2.880982339314137448e+02 2.722138481249141706e-01
2.973003174286560011e+02 3.217195588698955055e-01
2.885557911322719065e+02 8.709393371908761283e-01
3.269157028475167976e+02 7.387751352470225408e-01
2.889298384461474143e+02 9.103600161664001655e-01
3.170431021697391998e+02 5.196487596284635746e-01
2.759221088444889460e+02 5.413685115795049407e-01
3.266246483787588772e+02 7.891272485147199367e-02
3.325751012609324562e+02 2.692569337237343263e-01
3.601869945381855587e+02 7.613333360645956338e-01
3.281028430684569912e+02 2.153666024608707208e-01
2.952626553479013296e+02 9.718295623658624871e-01
3.110522372225539698e+02 3.679414979935322072e-01
3.376012111146401935e+02 7.511054377929596848e-01
3.175972522059601602e+02 8.794062011771990317e-01
2.849428183907852485e+02 3.038944460469804598e-01
2.925393396709255853e+02 7.570623670567284691e-01
3.231774779307123708e+02 8.007436564754453201e-01
3.136726921290271548e+02 7.847836547890699732e-01
2.889667104626659011e+02 6.653118797295395348e-01
3.084157325931621472e+02 9.816388303423316808e-01
2.841114287186808269e+02 8.156600196778801548e-01
3.687615222766169722e+02 8.962666479005594322e-01
2.844974487302869193e+02 1.675016018896136605e-01
3.204560598266961051e+02 2.629428736777135733e-01
3.507685867699228197e+02 6.000318152554695583e-01
3.676187660501882419e+02 3.667783505326682181e-01
3.561697411920083596e+02 7.891960584477809570e-01
3.000169967021545290e+02 4.355743683591216664e-01
3.171187172572250006e+02 8.637792642608120575e-02
3.219043349008613291e+02 7.583669338937834015e-01
3.635022508658389029e+02 6.664555938112273203e-01
2.749461727447708199e+02 6.075440308169198778e-01
2.746987956925079288e+02 1.613121454750263972e-01
3.055380273889894625e+02 4.321343417179864255e-01
3.412667498013252043e+02 3.978197533599724944e-01
3.412832336809311187e+02 8.128880591384149978e-01
3.066361687408746093e+02 2.915912996246353694e-01
2.901289132502016628e+02 2.772957615182157221e-01
2.765090133443254672e+02 1.009575703097770893e-01
3.355066017018634739e+02 3.754033545108675374e-01
3.313740374182012260e+02 1.259326417285018540e-01
3.483611780166968401e+02 6.817118277225182599e-01
3.081712552559419578e+02 7.366501782416033928e-01
2.775611126782622478e+02 7.795604197756990095e-01
3.536799444738041984e+02 6.991942987817838517e-01
2.834074186899757706e+02 9.456051501846347573e-01
2.829290491377816466e+02 5.185996634214080636e-01
3.231696227445595468e+02 6.226986232841802416e-01
2.752633254216996193e+02 3.752502448349726710e-02
3.477335741696728633e+02 7.218805025391118457e-01
2.935528437653698006e+02 5.944715528710151631e-01
2.812929336103938454e+02 1.130864641939502702e-01
3.182257845072891200e+02 2.258178911042233172e-01
3.240732258654222733e+02 8.690359680300130396e-01
3.623293232206282255e+02 9.753764511995198783e-01
3.445299643056522427e+02 5.606139948936763595e-01
3.486199430683259948e+02 4.511765604600992963e-01
3.360876697959355965e+02 7.349629269008492449e-02
3.246368863226506960e+02 6.241781161159468683e-01
3.664688724852797463e+02 1.988890371237244659e-01
2.850870165860997645e+02 1.737375309658118205e-01
3.219143552984297685e+02 2.256010542085892107e-02
2.734802157824859137e+02 1.428813309785305352e-02
2.918720363259484429e+02 1.034663237829815813e-01
3.229968428987639868e+02 5.785389031957877126e-01
3.578827005330542761e+02 8.159018057367042331e-01
3.450764427695895051e+02 6.295686507614702832e-01
3.526824689603428169e+02 9.511756810012302887e-01
3.189824181287415286e+02 3.063896647563895681e-01
3.297020332994144383e+02 4.171116668105383507e-01
3.251746635659516187e+02 9.631508155714226804e-01
2.817875951485377755e+02 9.828809212145898089e-01
3.325710333078668555e+02 5.500412897296538262e-01
2.826000886555131046e+02 1.468533214198035688e-02
2.781691283513216604e+02 1.878734336388638848e-01
3.494158715120713623e+02 7.160841005521632052e-01
2.880703006650217617e+02 1.132227554141259501e-01
3.334898883888379260e+02 3.347487348076071817e-02
2.732554522899035874e+02 6.332501331530279165e-01
3.649188473059804210e+02 3.873887547521975838e-01
2.772168241633596040e+02 5.612748315393178977e-01
3.074708518582621082e+02 1.081095871513213791e-01
3.443530271482008516e+02 3.516601833075560513e-01
2.822130381184994121e+02 3.727464831031008230e-01
3.615113288475208719e+02 7.720547746624757401e-01
3.510086055061940442e+02 8.797054146364263749e-01
2.992508685655116096e+02 6.949384522363148964e-01
2.878559244774247645e+02 3.979658850365283551e-01
3.106912062994145458e+02 1.971166720087464963e-01
3.525845299420432184e+02 1.527063301879081833e-02
3.598355010433498364e+02 6.143984097902260855e-01
2.736858912354729796e+02 9.523332236012747032e-01
2.760535838320620883e+02 5.467405819886926865e-01
2.826751065494641466e+02 3.352087998987091644e-01
3.127808665891836881e+02 4.668011159540182420e-01
3.128070364978648286e+02 6.739396974507252391e-01
3.159461510307467620e+02 9.639956294712156426e-01
2.946637264083266814e+02 6.772854356276900023e-02
3.505548098774934260e+02 6.236342758021805599e-01
3.208753778175385492e+02 5.549727842356195762e-01
2.751266803531160008e+02 7.138434197603801268e-01
2.879197913623494856e+02 4.526008537992147196e-01
3.316229598318868170e+02 7.450144098470045106e-01
2.965726719532938205e+02 4.911922182650833579e-01
3.449429936831652412e+02 1.114577123755686738e-01
3.108332484598500969e+02 4.367712063080976259e-01
3.495274423274322544e+02 5.328101473393085374e-01
3.036133315270334379e+02 4.748183544989001414e-01
3.178977932069031453e+02 4.257859326127376720e-01
3.374269757852949851e+02 4.279304768815694882e-01
3.115803423334697300e+02 9.661571046240056138e-01
3.201425936117046831e+02 8.791000566978668385e-01
3.557031356871714252e+02 3.745159798935992490e-01
2.964991737332778712e+02 9.221943789121285207e-01
3.568808463887481821e+02 2.505059254880825370e-01
3.592009157798555066e+02 7.216255037409868844e-02
3.266956718116066440e+02 5.726424152248434929e-01
2.809086919551131700e+02 9.942016258453740818e-01
3.049107355949826683e+02 1.810730636589282655e-02
3.463159571114944129e+02 8.734859579720101186e-01
3.538567966122673738e+02 1.665412593064451718e-01
3.245106873401086887e+02 5.393921165271440277e-01
3.190884620893092460e+02 1.177366777570178213e-01
2.766767879297264017e+02 4.386591002371511561e-01
2.895375976564518510e+02 5.481834170279897833e-01
3.228648627932483350e+02 3.362173198661124185e-01
3.194517784857428637e+02 1.345202323688307333e-01
3.247253164657652746e+02 3.945663838915352550e-01
2.957957597435412254e+02 2.663977854712886173e-01
3.164808044418485906e+02 8.610656176559521036e-02
2.937152465793134866e+02 9.196124120695360615e-02
3.340697709779262254e+02 1.022444212390569568e-01
3.323595749426847874e+02 4.256910574225383770e-01
3.074407167648691370e+02 3.172033911518419291e-01
3.085434129238481091e+02 2.957797898754445376e-02
3.086312845738859778e+02 7.647781259685103583e-01
2.745469551348880373e+02 9.897578321259900003e-01
3.545146982047898518e+02 3.106723381731554823e-01
3.523598953284187587e+02 7.077454479386803277e-01
3.660799825853735001e+02 8.265460310738532712e-01
3.085682811350511088e+02 4.421942744128058017e-02
3.676598515661651163e+02 9.442275213287288915e-01
3.376879967789095076e+02 2.061294594294371119e-01
2.987474906612688983e+02 4.313237533248088784e-01
3.442091878310208699e+02 6.823791306300025505e-01
2.874605777577726258e+02 9.613551849228221258e-01
2.998709661557928712e+02 3.216966304131753662e-01
2.826383567615296215e+02 4.926056440789051138e-01
3.209068515870000056e+02 2.016194860011556178e-01
3.229373125916939102e+02 4.083692189350408008e-01
3.036309999792625263e+02 5.599582040815470618e-01
3.018879039639966777e+02 6.714160089447485102e-01
3.425992521490279614e+02 3.928638295946145220e-01
3.080790166661493572e+02 7.532877191898348368e-01
3.285569668134739345e+02 9.796137397396371682e-01
2.822910729520062887e+02 4.437360321592663248e-01
3.010056332569187134e+02 5.641420780340450358e-01
3.654344839539496661e+02 2.292634140769440609e-01
3.024707785545614342e+02 7.853557569602404032e-01
3.039606257315836046e+02 5.436672602575202268e-02
3.696304540796367064e+02 2.410375792126577821e-01
3.369718721004884401e+02 2.146658607930202745e-01
3.307715511067653438e+02 5.446596813227693179e-01
2.822255933876963923e+02 6.002890617030224307e-01
2.825602109604078578e+02 3.245441655221315003e-01
3.443781003333168655e+02 9.145032079810854198e-01
3.363649623965600313e+02 3.559867943730409268e-01
3.094409296032442853e+02 7.131796746468078707e-01
3.377958606642354766e+02 7.386307358047692340e-01
2.880668408344811269e+02 4.954682319848850436e-01
2.962693694812438139e+02 3.735813030972852666e-01
3.431494506040604051e+02 5.884211798826946005e-01
3.469725351237897826e+02 4.587188879209461168e-01
3.131939778225918758e+02 2.562933814382467035e-01
3.153742194861305848e+02 6.115671708273970886e-01
3.003476217313242955e+02 4.292489957585085003e-01
3.256233392856196360e+02 7.524367973923011543e-02
3.698130981285274856e+02 3.450830147708592310e-01
2.884859555818659942e+02 7.928904510335175182e-01
3.210562277166898753e+02 9.358284334461243192e-01
3.347681894129560192e+02 8.909799107362081916e-01
3.400899580702166531e+02 7.438008086668226326e-01
2.806610156037576189e+02 5.848697253179985234e-02
2.736824885399671530e+02 3.451961334340690191e-01
3.265170898525955749e+02 8.957352996314479343e-01
2.993825804070019672e+02 3.573839446837881462e-02
3.522030488356490991e+02 2.486282337165836576e-01
3.578076045789867976e+02 3.187470950021970006e-01
3.153956851111223045e+02 4.114981097681754685e-01
2.841553889525730483e+02 8.864418586504254627e-01
3.115982139141096923e+02 9.699627650814193203e-01
2.865641035701542023e+02 5.954830035675653388e-01
3.531470924901133799e+02 8.287353918099881200e-01
3.472717186409703345e+02 7.281665939087705874e-02
2.774658727223607002e+02 2.633733922630813740e-01
3.402626861542715346e+02 4.077298875121172506e-01
3.479770805142078416e+02 8.941017686101050410e-01
3.069840254981410794e+02 4.630551084943438367e-01
3.171488473403621811e+02 4.530181653605152431e-02
2.859910542052037385e+02 2.450784465444017790e-01
3.656610911123599408e+02 8.334327568670585329e-01
3.249590603393293691e+02 4.347759029401274677e-01
2.987345852846352727e+02 8.031936191017552407e-01
3.292215965438272747e+02 7.963539648826064576e-01
3.110620369820800875e+02 8.912771459477394353e-01
2.740237548713487286e+02 1.010677485706560352e-01
2.771988693347065009e+02 5.756529053079537661e-01
3.492173547958234394e+02 7.954293674706884865e-01
2.732310296363973521e+02 7.622958819056612212e-01
3.611302915473104918e+02 4.246198526099577708e-01
3.357772788072439880e+02 7.612072588650938831e-01
2.878192968128270763e+02 1.935656683562876901e-01
3.671713843047297132e+02 9.185946794328093690e-01
3.610217210441151678e+02 4.251609373860285590e-01
2.950982499076735053e+02 7.467277708880362130e-01
2.782404764907160484e+02 3.062526016772827986e-01
3.525917381146294360e+02 2.649930978696498074e-01
2.895103088875436015e+02 1.595942940323908654e-01
3.620545240058220315e+02 3.143159463540636661e-02
2.926136159902727059e+02 9.291599827011788326e-01
2.956263399604765709e+02 2.394792393177187506e-01
3.698271163677413824e+02 6.218542329993913542e-01
3.643753393848624000e+02 6.971078585040623166e-01
3.313773638657308425e+02 7.834255283274914605e-01
3.694614860231764624e+02 4.953512785272470853e-01
3.104395746266214360e+02 6.155645503117225248e-01
3.540133076915574293e+02 4.625623429101238249e-01
3.343345226985504723e+02 6.601606392198087203e-01
2.977769523903051549e+02 6.104584241872262895e-01
3.032273218212093298e+02 1.137673944718827074e-01
3.170671024401596583e+02 5.421335405682229380e-01
3.333478309168208398e+02 6.941844362101301513e-01
2.879639922682623023e+02 9.890786413456413850e-01
3.218795873990907239e+02 2.135713651623902254e-01
3.314098322688191729e+02 5.387403651729513188e-01
3.058722426217181578e+02 4.385651031361146868e-01
3.070062232719502049e+02 9.146251988761390228e-01
3.139546801306383372e+02 8.412580359556697251e-01
3.338488128132190695e+02 1.006067902284554644e-01
3.232919011536819767e+02 6.938085639002464777e-01
3.084317543989930073e+02 8.679710815289748416e-01
3.275779159804096707e+02 6.255130396237710277e-01
3.588610844050568858e+02 9.037686939517854956e-01
2.966346688125173046e+02 2.172974958887102237e-01
2.821726220551433926e+02 4.757633526032049587e-01
3.577859873803441246e+02 5.489411464209766889e-01
3.187587771927471749e+02 9.106135059330053849e-01
2.871865068649774457e+02 4.695472016430212725e-01
3.052040856662100055e+02 1.388199774514223550e-01
2.765264677063904628e+02 8.290209129889605233e-01
3.611115916439572402e+02 8.108712212379315387e-01
3.106065831713111152e+02 8.744871948053101196e-01
2.765888522708901860e+02 9.552917065488100157e-01
3.224790329072442887e+02 3.598948743310500520e-01
2.760389655385976084e+02 3.087340293310640305e-01
2.904115446254488120e+02 5.374341643720300654e-01
3.050125771803045609e+02 7.007300687755818602e-01
3.380681189429128608e+02 1.795169478628751425e-01
3.261610488627015343e+02 3.982717000448290912e-01
3.139626239632449369e+02 3.080593603645820910e-01
3.221216009564926708e+02 2.507742265398373860e-01
3.533736219369364449e+02 5.028687619286341670e-01
3.643725135085098259e+02 3.027277008643287082e-01
3.639349856420421929e+02 8.856454498346320037e-01
3.247850576327496128e+02 9.186212960090602841e-01
3.583196942199260207e+02 4.903931361110149267e-01
3.640007583214076590e+02 5.705900486405762750e-01
3.468352670301321155e+02 6.875826444947047422e-01
2.818230663781425278e+02 3.936116432876812787e-01
2.739351329662518992e+02 9.238617920130089978e-01
3.326240222472906680e+02 6.506373861163199379e-01
3.168572158652222015e+02 2.271233178774077488e-01
2.929561581530186345e+02 5.250037147216622957e-01
3.370127625312696296e+02 4.605090983862578646e-01
3.596197882234124563e+02 6.847520689408369554e-01
3.258179391397530367e+02 7.818886656647973110e-01
3.548671933109213228e+02 8.946202404667142893e-01
3.143270650719912283e+02 9.755106904951775793e-01
3.565410393403658418e+02 4.061007625999426551e-01
2.761980884557682430e+02 4.921619990940111489e-01
3.262690797107123899e+02 4.213521285448414977e-01
3.106673532984424924e+02 2.535817100718960188e-02
3.102735293006210213e+02 1.245285944785978899e-01
3.139683559564022630e+02 9.559537220474862984e-01
3.277880902887478101e+02 6.141705147837952516e-01
3.247324643653258818e+02 9.246672843905766326e-02
2.842583513828217292e+02 6.407576293899974740e-01
3.196372888232933747e+02 7.708930737717311077e-01
3.359242123618268465e+02 1.893074124234997435e-01
3.393831607020853198e+02 2.380144225597660979e-01
3.490754755795639426e+02 7.139457342081424462e-01
2.864216347070602069e+02 9.039946395698509329e-01
2.824004102339299607e+02 3.623793713462752364e-01
3.688777578883012893e+02 3.593249719907029571e-01
3.138619632506218409e+02 4.366177803362002174e-02
3.447054010808840872e+02 7.536079411887078860e-01
3.417503323900198211e+02 6.583698859779335555e-01
3.343521307905483582e+02 1.356356997824783583e-01
2.830971317479014715e+02 5.083606944025398366e-01
3.259299776019795445e+02 2.558797986910257838e-01
3.293022394051644710e+02 2.349819965532981281e-01
3.601606610185471027e+02 4.673990063198686373e-01
3.381660174409461206e+02 8.534055776862938814e-01
3.555480859129562532e+02 8.647351136954957163e-01
3.091984449575924145e+02 1.650281933248908262e-01
3.646517253287722724e+02 9.784486610029773379e-01
3.346258118147889036e+02 4.396931338106002674e-01
3.699349864228561842e+02 2.598923900642464146e-01
3.224907005744609023e+02 9.858940654713718166e-01
3.679318113655164666e+02 3.139307945761621310e-01
3.601643446441096330e+02 2.777227815581975734e-01
3.246405831067258418e+02 3.263793787550506309e-01
3.543351543715673415e+02 8.654711302998089328e-01
3.093685687065237744e+02 1.948704960160831945e-01
3.495579264706576623e+02 3.256381028017180101e-01
2.970901753500356790e+02 4.041266046678985147e-01
3.414950895716424952e+02 1.817814291513874803e-01
3.104981246697681740e+02 9.442438713534374584e-01
3.016212295148975500e+02 4.871658794152402411e-02
2.874007922857768449e+02 9.665569320671973941e-01
3.433748504962471770e+02 2.098937621515471197e-01
3.139910418159922756e+02 2.669470915982584680e-01
2.815616286703182141e+02 8.164972775446716069e-01
2.777089423592479420e+02 2.309909793030887060e-01
3.050269521494652167e+02 5.042812179406136464e-01
3.239993046489110498e+02 4.349305961088202888e-01
3.363221427682311742e+02 5.248289334681154328e-01
3.452524526733327548e+02 3.289283801501219351e-01
3.534706277340958422e+02 7.348295051983446680e-01
3.127070605561996786e+02 4.798902611016416242e-01
2.837084841723843169e+02 7.578517942618762104e-01
2.942446583465901995e+02 8.872456579144288868e-01
3.703902683346499316e+02 5.415440949484463529e-01
3.481671525952813795e+02 4.881107835024178221e-01
2.932932923823974534e+02 7.732442135766802727e-01
2.932015008022349321e+02 4.664603490292224541e-01
2.862390450471413033e+02 7.974134935524835877e-01
3.459120633674683631e+02 7.556041014567375091e-01
2.747560361237741517e+02 7.131642482409564776e-01
3.177928162646729788e+02 7.178742836086170476e-01
3.160588455454057453e+02 8.364989550806064544e-01
3.016855679337420497e+02 7.423304807133935812e-01
3.121112577080263577e+02 1.718742981781277712e-01
3.459520747150012880e+02 3.130815958510543839e-02
